    0.00   0.00000000
    1.50   0.00000000
    3.00   0.00000000
    4.50   0.00000000
    6.00   0.00000000
    7.50   0.00000000
    9.00   0.00000000
   10.50   0.00000000
   12.00   0.00000000
   13.50   0.00000000
   15.00   0.00000000
   16.50   0.00000000
   18.00   0.00000000
   19.50   0.00000000
   21.00   0.00000000
   22.50   0.00000000
   24.00   0.00000000
   25.50   0.00000000
   27.00   0.00000000
   28.50   0.00000000
   30.00   0.00000000
   31.50   0.00000000
   33.00   0.00017051
   34.50   0.00073431
   36.00   0.00135031
   37.50   0.00202076
   39.00   0.00274795
   40.50   0.00353413
   42.00   0.00438159
   43.50   0.00529258
   45.00   0.00626938
   46.50   0.00731516
   48.00   0.00843675
   49.50   0.00964187
   51.00   0.01093825
   52.50   0.01233362
   54.00   0.01383572
   55.50   0.01545225
   57.00   0.01719097
   58.50   0.01905959
   60.00   0.02106584
   61.50   0.02321745
   63.00   0.02552215
   64.50   0.02798767
   66.00   0.03062174
   67.50   0.03343207
   69.00   0.03642642
   70.50   0.03961249
   72.00   0.04299803
   73.50   0.04659076
   75.00   0.05039841
   76.50   0.05442869
   78.00   0.05868936
   79.50   0.06318813
   81.00   0.06793273
   82.50   0.07293089
   84.00   0.07819036
   85.50   0.08371881
   87.00   0.08952403
   88.50   0.09561371
   90.00   0.10199561
   91.50   0.10871601
   93.00   0.11575900
   94.50   0.12311073
   96.00   0.13075745
   97.50   0.13868530
   99.00   0.14688054
  100.50   0.15532932
  102.00   0.16401787
  103.50   0.17293239
  105.00   0.18205905
  106.50   0.19138405
  108.00   0.20089363
  109.50   0.21057396
  111.00   0.22041124
  112.50   0.23039168
  114.00   0.24050148
  115.50   0.25072682
  117.00   0.26105392
  118.50   0.27146894
  120.00   0.28195816
  121.50   0.29250771
  123.00   0.30310380
  124.50   0.31373262
  126.00   0.32438043
  127.50   0.33503336
  129.00   0.34567764
  130.50   0.35629943
  132.00   0.36688501
  133.50   0.37742051
  135.00   0.38789216
  136.50   0.39812371
  138.00   0.40841198
  139.50   0.41874659
  141.00   0.42911729
  142.50   0.43951374
  144.00   0.44992563
  145.50   0.46034268
  147.00   0.47075456
  148.50   0.48115098
  150.00   0.49152163
  151.50   0.50185615
  153.00   0.51214439
  154.50   0.52237582
  156.00   0.53254026
  157.50   0.54262739
  159.00   0.55262691
  160.50   0.56252849
  162.00   0.57232189
  163.50   0.58199668
  165.00   0.59154260
  166.50   0.60094941
  168.00   0.61020678
  169.50   0.61930430
  171.00   0.62823182
  172.50   0.63697886
  174.00   0.64553529
  175.50   0.65389067
  177.00   0.66203481
  178.50   0.66995722
  180.00   0.67764777
  181.50   0.68517500
  183.00   0.69250286
  184.50   0.69963527
  186.00   0.70657611
  187.50   0.71332884
  189.00   0.71989745
  190.50   0.72628570
  192.00   0.73249733
  193.50   0.73853606
  195.00   0.74440581
  196.50   0.75011027
  198.00   0.75565314
  199.50   0.76103830
  201.00   0.76626962
  202.50   0.77135062
  204.00   0.77628529
  205.50   0.78107733
  207.00   0.78573042
  208.50   0.79024845
  210.00   0.79463524
  211.50   0.79889452
  213.00   0.80303001
  214.50   0.80704552
  216.00   0.81094486
  217.50   0.81473172
  219.00   0.81840986
  220.50   0.82198328
  222.00   0.82545555
  223.50   0.82883048
  225.00   0.83211190
  226.50   0.83584058
  228.00   0.83943778
  229.50   0.84290725
  231.00   0.84625286
  232.50   0.84947842
  234.00   0.85258782
  235.50   0.85558474
  237.00   0.85847306
  238.50   0.86125654
  240.00   0.86393905
  241.50   0.86652440
  243.00   0.86901641
  244.50   0.87141883
  246.00   0.87373561
  247.50   0.87597042
  249.00   0.87812722
  250.50   0.88020962
  252.00   0.88222164
  253.50   0.88416690
  255.00   0.88604939
  256.50   0.88787293
  258.00   0.88964117
  259.50   0.89135796
  261.00   0.89302719
  262.50   0.89465278
  264.00   0.89623833
  265.50   0.89778763
  267.00   0.89930469
  268.50   0.90079331
  270.00   0.90225720
  271.50   0.90405083
  273.00   0.90579385
  274.50   0.90748775
  276.00   0.90913391
  277.50   0.91073352
  279.00   0.91228795
  280.50   0.91379869
  282.00   0.91526699
  283.50   0.91669422
  285.00   0.91808170
  286.50   0.91943085
  288.00   0.92074305
  289.50   0.92201954
  291.00   0.92326176
  292.50   0.92447096
  294.00   0.92564869
  295.50   0.92679602
  297.00   0.92791468
  298.50   0.92900562
  300.00   0.93007046
  301.50   0.93111044
  303.00   0.93212694
  304.50   0.93312132
  306.00   0.93409497
  307.50   0.93504906
  309.00   0.93598527
  310.50   0.93690461
  312.00   0.93780875
  313.50   0.93869871
  315.00   0.93957615
  316.50   0.94058758
  318.00   0.94157749
  319.50   0.94254601
  321.00   0.94349384
  322.50   0.94442129
  324.00   0.94532895
  325.50   0.94621706
  327.00   0.94708633
  328.50   0.94793701
  330.00   0.94876969
  331.50   0.94958472
  333.00   0.95038265
  334.50   0.95116383
  336.00   0.95192879
  337.50   0.95267791
  339.00   0.95341182
  340.50   0.95413077
  342.00   0.95483541
  343.50   0.95552599
  345.00   0.95620304
  346.50   0.95686704
  348.00   0.95751852
  349.50   0.95815772
  351.00   0.95878530
  352.50   0.95940161
  354.00   0.96000719
  355.50   0.96060240
  357.00   0.96118772
  358.50   0.96176362
  360.00   0.96233064
  361.50   0.96295059
  363.00   0.96355784
  364.50   0.96415246
  366.00   0.96473497
  367.50   0.96530539
  369.00   0.96586436
  370.50   0.96641207
  372.00   0.96694899
  373.50   0.96747512
  375.00   0.96799111
  376.50   0.96849716
  378.00   0.96899354
  379.50   0.96948057
  381.00   0.96995878
  382.50   0.97042823
  384.00   0.97088951
  385.50   0.97134274
  387.00   0.97178829
  388.50   0.97222644
  390.00   0.97265768
  391.50   0.97308218
  393.00   0.97350031
  394.50   0.97391236
  396.00   0.97431886
  397.50   0.97471976
  399.00   0.97511578
  400.50   0.97550702
  402.00   0.97589380
  403.50   0.97627646
  405.00   0.97665548
  406.50   0.97707456
  408.00   0.97748816
  409.50   0.97789627
  411.00   0.97829884
  412.50   0.97869599
  414.00   0.97908777
  415.50   0.97947407
  417.00   0.97985512
  418.50   0.98023081
  420.00   0.98060119
  421.50   0.98096621
  423.00   0.98132610
  424.50   0.98168075
  426.00   0.98203021
  427.50   0.98237455
  429.00   0.98271376
  430.50   0.98304784
  432.00   0.98337686
  433.50   0.98370081
  435.00   0.98401976
  436.50   0.98433375
  438.00   0.98464280
  439.50   0.98494691
  441.00   0.98524612
  442.50   0.98554051
  444.00   0.98583001
  445.50   0.98611474
  447.00   0.98639470
  448.50   0.98666984
  450.00   0.98694032
  451.50   0.98722190
  453.00   0.98749781
  454.50   0.98776817
  456.00   0.98803324
  457.50   0.98829311
  459.00   0.98854792
  460.50   0.98879790
  462.00   0.98904312
  463.50   0.98928386
  465.00   0.98952019
  466.50   0.98975229
  468.00   0.98998040
  469.50   0.99020457
  471.00   0.99042493
  472.50   0.99064189
  474.00   0.99085540
  475.50   0.99106550
  477.00   0.99127269
  478.50   0.99147683
  480.00   0.99167830
  481.50   0.99187720
  483.00   0.99207366
  484.50   0.99226773
  486.00   0.99245983
  487.50   0.99264991
  489.00   0.99283820
  490.50   0.99302483
  492.00   0.99321008
  493.50   0.99339396
  495.00   0.99357677
  496.50   0.99378139
  498.00   0.99398440
  499.50   0.99418569
  501.00   0.99438530
  502.50   0.99458295
  504.00   0.99477881
  505.50   0.99497265
  507.00   0.99516463
  508.50   0.99535429
  510.00   0.99554199
  511.50   0.99572748
  513.00   0.99591070
  514.50   0.99609160
  516.00   0.99627012
  517.50   0.99644607
  519.00   0.99661958
  520.50   0.99679059
  522.00   0.99695897
  523.50   0.99712461
  525.00   0.99728745
  526.50   0.99744755
  528.00   0.99760467
  529.50   0.99775898
  531.00   0.99791020
  532.50   0.99805832
  534.00   0.99820340
  535.50   0.99834520
  537.00   0.99848384
  538.50   0.99861908
  540.00   0.99875098
  541.50   0.99888539
  543.00   0.99901628
  544.50   0.99914372
  546.00   0.99926782
  547.50   0.99938869
  549.00   0.99950635
  550.50   0.99962091
  552.00   0.99973255
  553.50   0.99984139
  555.00   0.99994725
  556.50   1.00005054
  558.00   1.00015116
  559.50   1.00024939
  561.00   1.00034511
  562.50   1.00043857
  564.00   1.00052989
  565.50   1.00061882
  567.00   1.00070596
  568.50   1.00079095
  570.00   1.00087416
  571.50   1.00095558
  573.00   1.00103545
  574.50   1.00111353
  576.00   1.00119030
  577.50   1.00126565
  579.00   1.00133967
  580.50   1.00141239
  582.00   1.00148427
  583.50   1.00155485
  585.00   1.00162470
  586.50   1.00170147
  588.00   1.00177646
  589.50   1.00184977
  591.00   1.00192165
  592.50   1.00199175
  594.00   1.00206053
  595.50   1.00212789
  597.00   1.00219393
  598.50   1.00225878
  600.00   1.00232232
  601.50   1.00238478
  603.00   1.00244629
  604.50   1.00250673
  606.00   1.00256646
  607.50   1.00262511
  609.00   1.00268328
  610.50   1.00274062
  612.00   1.00279737
  613.50   1.00285351
  615.00   1.00290930
  616.50   1.00296462
  618.00   1.00301969
  619.50   1.00307429
  621.00   1.00312877
  622.50   1.00318325
  624.00   1.00323772
  625.50   1.00329208
  627.00   1.00334656
  628.50   1.00340128
  630.00   1.00345612
  631.50   1.00351775
  633.00   1.00357950
  634.50   1.00364113
  636.00   1.00370288
  637.50   1.00376451
  639.00   1.00382590
  640.50   1.00388730
  642.00   1.00394869
  643.50   1.00400960
  645.00   1.00407052
  646.50   1.00413120
  648.00   1.00419152
  649.50   1.00425160
  651.00   1.00431144
  652.50   1.00437069
  654.00   1.00442982
  655.50   1.00448835
  657.00   1.00454652
  658.50   1.00460422
  660.00   1.00466144
  661.50   1.00471795
  663.00   1.00477409
  664.50   1.00482953
  666.00   1.00488448
  667.50   1.00493872
  669.00   1.00499237
  670.50   1.00504494
  672.00   1.00509715
  673.50   1.00514841
  675.00   1.00519907
  676.50   1.00525141
  678.00   1.00530326
  679.50   1.00535429
  681.00   1.00540495
  682.50   1.00545490
  684.00   1.00550437
  685.50   1.00555289
  687.00   1.00560105
  688.50   1.00564837
  690.00   1.00569510
  691.50   1.00574088
  693.00   1.00578618
  694.50   1.00583053
  696.00   1.00587440
  697.50   1.00591719
  699.00   1.00595927
  700.50   1.00600052
  702.00   1.00604105
  703.50   1.00608051
  705.00   1.00611937
  706.50   1.00615716
  708.00   1.00619411
  709.50   1.00623012
  711.00   1.00626528
  712.50   1.00629938
  714.00   1.00633252
  715.50   1.00636470
  717.00   1.00639594
  718.50   1.00642610
  720.00   1.00645518
  721.50   1.00648749
  723.00   1.00651896
  724.50   1.00654948
  726.00   1.00657916
  727.50   1.00660777
  729.00   1.00663543
  730.50   1.00666225
  732.00   1.00668812
  733.50   1.00671291
  735.00   1.00673676
  736.50   1.00675976
  738.00   1.00678170
  739.50   1.00680244
  741.00   1.00682235
  742.50   1.00684130
  744.00   1.00685906
  745.50   1.00687599
  747.00   1.00689173
  748.50   1.00690639
  750.00   1.00692022
  751.50   1.00693285
  753.00   1.00694442
  754.50   1.00695491
  756.00   1.00696433
  757.50   1.00697255
  759.00   1.00697982
  760.50   1.00698602
  762.00   1.00699103
  763.50   1.00699484
  765.00   1.00699770
  766.50   1.00699794
  768.00   1.00699651
  769.50   1.00699377
  771.00   1.00698948
  772.50   1.00698400
  774.00   1.00697732
  775.50   1.00696933
  777.00   1.00696063
  778.50   1.00695097
  780.00   1.00694060
  781.50   1.00692940
  783.00   1.00691760
  784.50   1.00690544
  786.00   1.00689280
  787.50   1.00688004
  789.00   1.00686693
  790.50   1.00685382
  792.00   1.00684083
  793.50   1.00682771
  795.00   1.00681508
  796.50   1.00680268
  798.00   1.00679076
  799.50   1.00677931
  801.00   1.00676858
  802.50   1.00675857
  804.00   1.00674939
  805.50   1.00674117
  807.00   1.00673389
  808.50   1.00672781
  810.00   1.00672317
  811.50   1.00672734
  813.00   1.00673270
  814.50   1.00673902
  816.00   1.00674653
  817.50   1.00675488
  819.00   1.00676405
  820.50   1.00677395
  822.00   1.00678456
  823.50   1.00679553
  825.00   1.00680733
  826.50   1.00681925
  828.00   1.00683165
  829.50   1.00684416
  831.00   1.00685692
  832.50   1.00686944
  834.00   1.00688231
  835.50   1.00689483
  837.00   1.00690711
  838.50   1.00691903
  840.00   1.00693071
  841.50   1.00694168
  843.00   1.00695240
  844.50   1.00696218
  846.00   1.00697124
  847.50   1.00697958
  849.00   1.00698698
  850.50   1.00699341
  852.00   1.00699866
  853.50   1.00700271
  855.00   1.00700557
  856.50   1.00700712
  858.00   1.00700784
  859.50   1.00700784
  861.00   1.00700712
  862.50   1.00700545
  864.00   1.00700307
  865.50   1.00699973
  867.00   1.00699580
  868.50   1.00699067
  870.00   1.00698483
  871.50   1.00697815
  873.00   1.00697052
  874.50   1.00696194
  876.00   1.00695240
  877.50   1.00694203
  879.00   1.00693059
  880.50   1.00691819
  882.00   1.00690484
  883.50   1.00689054
  885.00   1.00687504
  886.50   1.00685871
  888.00   1.00684130
  889.50   1.00682271
  891.00   1.00680315
  892.50   1.00678241
  894.00   1.00676072
  895.50   1.00673771
  897.00   1.00671375
  898.50   1.00668859
  900.00   1.00666225
  901.50   1.00663519
  903.00   1.00660682
  904.50   1.00657701
  906.00   1.00654590
  907.50   1.00651360
  909.00   1.00648010
  910.50   1.00644553
  912.00   1.00641012
  913.50   1.00637352
  915.00   1.00633609
  916.50   1.00629783
  918.00   1.00625896
  919.50   1.00621927
  921.00   1.00617898
  922.50   1.00613809
  924.00   1.00609672
  925.50   1.00605500
  927.00   1.00601280
  928.50   1.00597036
  930.00   1.00592780
  931.50   1.00588500
  933.00   1.00584209
  934.50   1.00579917
  936.00   1.00575626
  937.50   1.00571358
  939.00   1.00567091
  940.50   1.00562859
  942.00   1.00558650
  943.50   1.00554490
  945.00   1.00550365
  946.50   1.00546479
  948.00   1.00542605
  949.50   1.00538731
  951.00   1.00534868
  952.50   1.00531006
  954.00   1.00527155
  955.50   1.00523305
  957.00   1.00519478
  958.50   1.00515664
  960.00   1.00511873
  961.50   1.00508094
  963.00   1.00504339
  964.50   1.00500607
  966.00   1.00496888
  967.50   1.00493205
  969.00   1.00489557
  970.50   1.00485933
  972.00   1.00482357
  973.50   1.00478792
  975.00   1.00475276
  976.50   1.00471807
  978.00   1.00468361
  979.50   1.00464976
  981.00   1.00461626
  982.50   1.00458324
  984.00   1.00455081
  985.50   1.00451887
  987.00   1.00448740
  988.50   1.00445652
  990.00   1.00442624
  991.50   1.00439441
  993.00   1.00436282
  994.50   1.00433183
  996.00   1.00430119
  997.50   1.00427091
  999.00   1.00424123
 1000.50   1.00421202
 1002.00   1.00418341
 1003.50   1.00415504
 1005.00   1.00412738
 1006.50   1.00410008
 1008.00   1.00407350
 1009.50   1.00404751
 1011.00   1.00402200
 1012.50   1.00399709
 1014.00   1.00397277
 1015.50   1.00394917
 1017.00   1.00392616
 1018.50   1.00390387
 1020.00   1.00388229
 1021.50   1.00386119
 1023.00   1.00384104
 1024.50   1.00382137
 1026.00   1.00380266
 1027.50   1.00378466
 1029.00   1.00376725
 1030.50   1.00375080
 1032.00   1.00373518
 1033.50   1.00372016
 1035.00   1.00370622
 1036.50   1.00369811
 1038.00   1.00369167
 1039.50   1.00368619
 1041.00   1.00368190
 1042.50   1.00367868
 1044.00   1.00367641
 1045.50   1.00367475
 1047.00   1.00367391
 1048.50   1.00367343
 1050.00   1.00367320
 1051.50   1.00367343
 1053.00   1.00367379
 1054.50   1.00367391
 1056.00   1.00367403
 1057.50   1.00367391
 1059.00   1.00367320
 1060.50   1.00367224
 1062.00   1.00367045
 1063.50   1.00366783
 1065.00   1.00366437
 1066.50   1.00365996
 1068.00   1.00365412
 1069.50   1.00364709
 1071.00   1.00363874
 1072.50   1.00362885
 1074.00   1.00361705
 1075.50   1.00360370
 1077.00   1.00358832
 1078.50   1.00357080
 1080.00   1.00355113
 1081.50   1.00352836
 1083.00   1.00350392
 1084.50   1.00347793
 1086.00   1.00345039
 1087.50   1.00342119
 1089.00   1.00339031
 1090.50   1.00335789
 1092.00   1.00332415
 1093.50   1.00328875
 1095.00   1.00325191
 1096.50   1.00321341
 1098.00   1.00317359
 1099.50   1.00313222
 1101.00   1.00308955
 1102.50   1.00304544
 1104.00   1.00300002
 1105.50   1.00295305
 1107.00   1.00290489
 1108.50   1.00285542
 1110.00   1.00280464
 1111.50   1.00275242
 1113.00   1.00269902
 1114.50   1.00264442
 1116.00   1.00258863
 1117.50   1.00253153
 1119.00   1.00247324
 1120.50   1.00241375
 1122.00   1.00235331
 1123.50   1.00229156
 1125.00   1.00222874
 1126.50   1.00215745
 1128.00   1.00208366
 1129.50   1.00200772
 1131.00   1.00193000
 1132.50   1.00185061
 1134.00   1.00176966
 1135.50   1.00168753
 1137.00   1.00160456
 1138.50   1.00152063
 1140.00   1.00143635
 1141.50   1.00135183
 1143.00   1.00126719
 1144.50   1.00118256
 1146.00   1.00109851
 1147.50   1.00101519
 1149.00   1.00093269
 1150.50   1.00085127
 1152.00   1.00077128
 1153.50   1.00069273
 1155.00   1.00061607
 1156.50   1.00054145
 1158.00   1.00046909
 1159.50   1.00039911
 1161.00   1.00033212
 1162.50   1.00026798
 1164.00   1.00020707
 1165.50   1.00014949
 1167.00   1.00009573
 1168.50   1.00004578
 1170.00   1.00000000
