    0.00   0.00000000
    1.50   0.00000000
    3.00   0.00000000
    4.50   0.00000000
    6.00   0.00021641
    7.50   0.00094952
    9.00   0.00168073
   10.50   0.00240969
   12.00   0.00313599
   13.50   0.00385928
   15.00   0.00457916
   16.50   0.00529526
   18.00   0.00600721
   19.50   0.00671462
   21.00   0.00741712
   22.50   0.00811433
   24.00   0.00880587
   25.50   0.00949137
   27.00   0.01017044
   28.50   0.01084271
   30.00   0.01150780
   31.50   0.01216533
   33.00   0.01281492
   34.50   0.01345620
   36.00   0.01408880
   37.50   0.01471232
   39.00   0.01532639
   40.50   0.01593064
   42.00   0.01652468
   43.50   0.01710815
   45.00   0.01768065
   46.50   0.01824209
   48.00   0.01879339
   49.50   0.01933578
   51.00   0.01987045
   52.50   0.02039862
   54.00   0.02092150
   55.50   0.02144029
   57.00   0.02195621
   58.50   0.02247046
   60.00   0.02298424
   61.50   0.02349877
   63.00   0.02401526
   64.50   0.02453492
   66.00   0.02505895
   67.50   0.02558856
   69.00   0.02612496
   70.50   0.02666936
   72.00   0.02722296
   73.50   0.02778699
   75.00   0.02836263
   76.50   0.02895111
   78.00   0.02955364
   79.50   0.03017140
   81.00   0.03080564
   82.50   0.03145753
   84.00   0.03212830
   85.50   0.03281915
   87.00   0.03353131
   88.50   0.03426595
   90.00   0.03502431
   91.50   0.03544771
   93.00   0.03586169
   94.50   0.03627169
   96.00   0.03668311
   97.50   0.03710136
   99.00   0.03753187
  100.50   0.03798005
  102.00   0.03845131
  103.50   0.03895105
  105.00   0.03948472
  106.50   0.04005771
  108.00   0.04067544
  109.50   0.04134332
  111.00   0.04206678
  112.50   0.04285122
  114.00   0.04370205
  115.50   0.04462471
  117.00   0.04562459
  118.50   0.04670711
  120.00   0.04787770
  121.50   0.04914176
  123.00   0.05050470
  124.50   0.05197195
  126.00   0.05354891
  127.50   0.05524101
  129.00   0.05705366
  130.50   0.05899226
  132.00   0.06106224
  133.50   0.06326901
  135.00   0.06561799
  136.50   0.06804858
  138.00   0.07061037
  139.50   0.07330015
  141.00   0.07611471
  142.50   0.07905082
  144.00   0.08210527
  145.50   0.08527485
  147.00   0.08855636
  148.50   0.09194656
  150.00   0.09544228
  151.50   0.09904025
  153.00   0.10273730
  154.50   0.10653020
  156.00   0.11041573
  157.50   0.11439069
  159.00   0.11845185
  160.50   0.12259603
  162.00   0.12681998
  163.50   0.13112049
  165.00   0.13549437
  166.50   0.13993838
  168.00   0.14444934
  169.50   0.14902399
  171.00   0.15365916
  172.50   0.15835162
  174.00   0.16309816
  175.50   0.16789554
  177.00   0.17274059
  178.50   0.17763007
  180.00   0.18256077
  181.50   0.18737595
  183.00   0.19227357
  184.50   0.19724853
  186.00   0.20229588
  187.50   0.20741054
  189.00   0.21258754
  190.50   0.21782179
  192.00   0.22310834
  193.50   0.22844210
  195.00   0.23381811
  196.50   0.23923130
  198.00   0.24467669
  199.50   0.25014922
  201.00   0.25564387
  202.50   0.26115566
  204.00   0.26667953
  205.50   0.27221045
  207.00   0.27774343
  208.50   0.28327343
  210.00   0.28879544
  211.50   0.29430440
  213.00   0.29979533
  214.50   0.30526316
  216.00   0.31070298
  217.50   0.31610960
  219.00   0.32147813
  220.50   0.32680351
  222.00   0.33208072
  223.50   0.33730468
  225.00   0.34247044
  226.50   0.34739316
  228.00   0.35227805
  229.50   0.35712597
  231.00   0.36193791
  232.50   0.36671484
  234.00   0.37145776
  235.50   0.37616751
  237.00   0.38084513
  238.50   0.38549149
  240.00   0.39010763
  241.50   0.39469448
  243.00   0.39925298
  244.50   0.40378410
  246.00   0.40828878
  247.50   0.41276795
  249.00   0.41722262
  250.50   0.42165366
  252.00   0.42606214
  253.50   0.43044889
  255.00   0.43481499
  256.50   0.43916127
  258.00   0.44348878
  259.50   0.44779837
  261.00   0.45209107
  262.50   0.45636785
  264.00   0.46062964
  265.50   0.46487737
  267.00   0.46911198
  268.50   0.47333452
  270.00   0.47754583
  271.50   0.48190945
  273.00   0.48625937
  274.50   0.49059519
  276.00   0.49491644
  277.50   0.49922261
  279.00   0.50351328
  280.50   0.50778800
  282.00   0.51204634
  283.50   0.51628780
  285.00   0.52051198
  286.50   0.52471834
  288.00   0.52890658
  289.50   0.53307593
  291.00   0.53722632
  292.50   0.54135704
  294.00   0.54546779
  295.50   0.54955798
  297.00   0.55362719
  298.50   0.55767506
  300.00   0.56170106
  301.50   0.56570470
  303.00   0.56968558
  304.50   0.57364315
  306.00   0.57757717
  307.50   0.58148694
  309.00   0.58537221
  310.50   0.58923233
  312.00   0.59306699
  313.50   0.59687567
  315.00   0.60065800
  316.50   0.60454094
  318.00   0.60840243
  319.50   0.61224186
  321.00   0.61605877
  322.50   0.61985248
  324.00   0.62362260
  325.50   0.62736863
  327.00   0.63108993
  328.50   0.63478607
  330.00   0.63845652
  331.50   0.64210075
  333.00   0.64571822
  334.50   0.64930838
  336.00   0.65287083
  337.50   0.65640485
  339.00   0.65991014
  340.50   0.66338605
  342.00   0.66683209
  343.50   0.67024767
  345.00   0.67363238
  346.50   0.67698568
  348.00   0.68030703
  349.50   0.68359584
  351.00   0.68685168
  352.50   0.69007403
  354.00   0.69326222
  355.50   0.69641596
  357.00   0.69953460
  358.50   0.70261759
  360.00   0.70566446
  361.50   0.70880556
  363.00   0.71191263
  364.50   0.71498561
  366.00   0.71802485
  367.50   0.72103029
  369.00   0.72400212
  370.50   0.72694039
  372.00   0.72984529
  373.50   0.73271686
  375.00   0.73555529
  376.50   0.73836058
  378.00   0.74113297
  379.50   0.74387246
  381.00   0.74657923
  382.50   0.74925339
  384.00   0.75189507
  385.50   0.75450426
  387.00   0.75708121
  388.50   0.75962609
  390.00   0.76213884
  391.50   0.76461965
  393.00   0.76706856
  394.50   0.76948583
  396.00   0.77187151
  397.50   0.77422565
  399.00   0.77654850
  400.50   0.77883989
  402.00   0.78110033
  403.50   0.78332967
  405.00   0.78552806
  406.50   0.78782421
  408.00   0.79008597
  409.50   0.79231399
  411.00   0.79450893
  412.50   0.79667115
  414.00   0.79880130
  415.50   0.80090004
  417.00   0.80296791
  418.50   0.80500525
  420.00   0.80701286
  421.50   0.80899119
  423.00   0.81094092
  424.50   0.81286246
  426.00   0.81475651
  427.50   0.81662357
  429.00   0.81846416
  430.50   0.82027888
  432.00   0.82206839
  433.50   0.82383305
  435.00   0.82557356
  436.50   0.82729048
  438.00   0.82898432
  439.50   0.83065569
  441.00   0.83230519
  442.50   0.83393323
  444.00   0.83554053
  445.50   0.83712751
  447.00   0.83869493
  448.50   0.84024316
  450.00   0.84177291
  451.50   0.84339362
  453.00   0.84499061
  454.50   0.84656429
  456.00   0.84811527
  457.50   0.84964383
  459.00   0.85115069
  460.50   0.85263610
  462.00   0.85410058
  463.50   0.85554469
  465.00   0.85696894
  466.50   0.85837358
  468.00   0.85975939
  469.50   0.86112648
  471.00   0.86247569
  472.50   0.86380732
  474.00   0.86512178
  475.50   0.86641967
  477.00   0.86770141
  478.50   0.86896741
  480.00   0.87021840
  481.50   0.87145448
  483.00   0.87267643
  484.50   0.87388450
  486.00   0.87507939
  487.50   0.87626141
  489.00   0.87743104
  490.50   0.87858886
  492.00   0.87973529
  493.50   0.88087076
  495.00   0.88199574
  496.50   0.88321370
  498.00   0.88441980
  499.50   0.88561380
  501.00   0.88679564
  502.50   0.88796490
  504.00   0.88912171
  505.50   0.89026552
  507.00   0.89139634
  508.50   0.89251405
  510.00   0.89361835
  511.50   0.89470899
  513.00   0.89578593
  514.50   0.89684892
  516.00   0.89789778
  517.50   0.89893228
  519.00   0.89995223
  520.50   0.90095747
  522.00   0.90194786
  523.50   0.90292317
  525.00   0.90388316
  526.50   0.90482765
  528.00   0.90575653
  529.50   0.90666950
  531.00   0.90756655
  532.50   0.90844733
  534.00   0.90931171
  535.50   0.91015947
  537.00   0.91099054
  538.50   0.91180450
  540.00   0.91260135
  541.50   0.91340363
  543.00   0.91418600
  544.50   0.91494900
  546.00   0.91569346
  547.50   0.91642028
  549.00   0.91713017
  550.50   0.91782373
  552.00   0.91850197
  553.50   0.91916543
  555.00   0.91981494
  556.50   0.92045122
  558.00   0.92107511
  559.50   0.92168725
  561.00   0.92228854
  562.50   0.92287970
  564.00   0.92346132
  565.50   0.92403436
  567.00   0.92459965
  568.50   0.92515761
  570.00   0.92570931
  571.50   0.92625529
  573.00   0.92679650
  574.50   0.92733359
  576.00   0.92786729
  577.50   0.92839843
  579.00   0.92892778
  580.50   0.92945600
  582.00   0.92998385
  583.50   0.93051219
  585.00   0.93104178
  586.50   0.93165427
  588.00   0.93226618
  589.50   0.93287718
  591.00   0.93348670
  592.50   0.93409443
  594.00   0.93469995
  595.50   0.93530297
  597.00   0.93590301
  598.50   0.93649960
  600.00   0.93709236
  601.50   0.93768096
  603.00   0.93826509
  604.50   0.93884403
  606.00   0.93941778
  607.50   0.93998563
  609.00   0.94054741
  610.50   0.94110250
  612.00   0.94165069
  613.50   0.94219148
  615.00   0.94272453
  616.50   0.94324934
  618.00   0.94376570
  619.50   0.94427294
  621.00   0.94477093
  622.50   0.94525909
  624.00   0.94573712
  625.50   0.94620460
  627.00   0.94666111
  628.50   0.94710618
  630.00   0.94753963
  631.50   0.94795138
  633.00   0.94835067
  634.50   0.94873780
  636.00   0.94911355
  637.50   0.94947833
  639.00   0.94983280
  640.50   0.95017755
  642.00   0.95051306
  643.50   0.95084000
  645.00   0.95115882
  646.50   0.95147008
  648.00   0.95177460
  649.50   0.95207256
  651.00   0.95236486
  652.50   0.95265180
  654.00   0.95293415
  655.50   0.95321238
  657.00   0.95348710
  658.50   0.95375878
  660.00   0.95402819
  661.50   0.95429564
  663.00   0.95456195
  664.50   0.95482743
  666.00   0.95509291
  667.50   0.95535868
  669.00   0.95562565
  670.50   0.95589393
  672.00   0.95616448
  673.50   0.95643777
  675.00   0.95671427
  676.50   0.95700395
  678.00   0.95729250
  679.50   0.95758003
  681.00   0.95786715
  682.50   0.95815396
  684.00   0.95844096
  685.50   0.95872831
  687.00   0.95901650
  688.50   0.95930564
  690.00   0.95959634
  691.50   0.95988870
  693.00   0.96018326
  694.50   0.96048009
  696.00   0.96077973
  697.50   0.96108240
  699.00   0.96138847
  700.50   0.96169823
  702.00   0.96201217
  703.50   0.96233034
  705.00   0.96265340
  706.50   0.96298134
  708.00   0.96331477
  709.50   0.96365380
  711.00   0.96399891
  712.50   0.96435028
  714.00   0.96470851
  715.50   0.96507359
  717.00   0.96544611
  718.50   0.96582621
  720.00   0.96621442
  721.50   0.96664846
  723.00   0.96709299
  724.50   0.96754700
  726.00   0.96800995
  727.50   0.96848065
  729.00   0.96895874
  730.50   0.96944296
  732.00   0.96993291
  733.50   0.97042751
  735.00   0.97092611
  736.50   0.97142774
  738.00   0.97193176
  739.50   0.97243726
  741.00   0.97294360
  742.50   0.97344971
  744.00   0.97395498
  745.50   0.97445846
  747.00   0.97495943
  748.50   0.97545713
  750.00   0.97595078
  751.50   0.97643930
  753.00   0.97692221
  754.50   0.97739857
  756.00   0.97786754
  757.50   0.97832835
  759.00   0.97878021
  760.50   0.97922230
  762.00   0.97965384
  763.50   0.98007381
  765.00   0.98048180
  766.50   0.98086077
  768.00   0.98123080
  769.50   0.98159194
  771.00   0.98194444
  772.50   0.98228842
  774.00   0.98262399
  775.50   0.98295152
  777.00   0.98327100
  778.50   0.98358262
  780.00   0.98388672
  781.50   0.98418319
  783.00   0.98447245
  784.50   0.98475456
  786.00   0.98502976
  787.50   0.98529810
  789.00   0.98555988
  790.50   0.98581517
  792.00   0.98606437
  793.50   0.98630732
  795.00   0.98654443
  796.50   0.98677576
  798.00   0.98700154
  799.50   0.98722184
  801.00   0.98743701
  802.50   0.98764706
  804.00   0.98785233
  805.50   0.98805273
  807.00   0.98824877
  808.50   0.98844033
  810.00   0.98862779
  811.50   0.98882544
  813.00   0.98901641
  814.50   0.98920095
  816.00   0.98937958
  817.50   0.98955238
  819.00   0.98971987
  820.50   0.98988223
  822.00   0.99003989
  823.50   0.99019319
  825.00   0.99034238
  826.50   0.99048781
  828.00   0.99063003
  829.50   0.99076897
  831.00   0.99090528
  832.50   0.99103916
  834.00   0.99117106
  835.50   0.99130100
  837.00   0.99142975
  838.50   0.99155730
  840.00   0.99168414
  841.50   0.99181062
  843.00   0.99193692
  844.50   0.99206352
  846.00   0.99219072
  847.50   0.99231875
  849.00   0.99244815
  850.50   0.99257892
  852.00   0.99271184
  853.50   0.99284679
  855.00   0.99298441
  856.50   0.99318415
  858.00   0.99338847
  859.50   0.99359649
  861.00   0.99380767
  862.50   0.99402106
  864.00   0.99423611
  865.50   0.99445212
  867.00   0.99466830
  868.50   0.99488395
  870.00   0.99509841
  871.50   0.99531078
  873.00   0.99552059
  874.50   0.99572700
  876.00   0.99592930
  877.50   0.99612677
  879.00   0.99631870
  880.50   0.99650431
  882.00   0.99668312
  883.50   0.99685401
  885.00   0.99701679
  886.50   0.99717015
  888.00   0.99731392
  889.50   0.99744695
  891.00   0.99756879
  892.50   0.99767864
  894.00   0.99777585
  895.50   0.99785954
  897.00   0.99792916
  898.50   0.99798387
  900.00   0.99802309
  901.50   0.99799901
  903.00   0.99795771
  904.50   0.99790025
  906.00   0.99782765
  907.50   0.99774086
  909.00   0.99764115
  910.50   0.99752939
  912.00   0.99740672
  913.50   0.99727410
  915.00   0.99713278
  916.50   0.99698359
  918.00   0.99682778
  919.50   0.99666619
  921.00   0.99650007
  922.50   0.99633026
  924.00   0.99615812
  925.50   0.99598438
  927.00   0.99581033
  928.50   0.99563688
  930.00   0.99546516
  931.50   0.99529618
  933.00   0.99513102
  934.50   0.99497074
  936.00   0.99481642
  937.50   0.99466896
  939.00   0.99452960
  940.50   0.99439925
  942.00   0.99427909
  943.50   0.99417007
  945.00   0.99407333
  946.50   0.99400985
  948.00   0.99395293
  949.50   0.99390268
  951.00   0.99385923
  952.50   0.99382240
  954.00   0.99379271
  955.50   0.99376976
  957.00   0.99375397
  958.50   0.99374533
  960.00   0.99374384
  961.50   0.99374962
  963.00   0.99376291
  964.50   0.99378353
  966.00   0.99381167
  967.50   0.99384737
  969.00   0.99389094
  970.50   0.99394214
  972.00   0.99400115
  973.50   0.99406815
  975.00   0.99414319
  976.50   0.99422622
  978.00   0.99431747
  979.50   0.99441701
  981.00   0.99452490
  982.50   0.99464107
  984.00   0.99476576
  985.50   0.99489897
  987.00   0.99504089
  988.50   0.99519151
  990.00   0.99535096
  991.50   0.99555892
  993.00   0.99578142
  994.50   0.99601728
  996.00   0.99626517
  997.50   0.99652392
  999.00   0.99679238
 1000.50   0.99706912
 1002.00   0.99735314
 1003.50   0.99764299
 1005.00   0.99793768
 1006.50   0.99823576
 1008.00   0.99853623
 1009.50   0.99883765
 1011.00   0.99913889
 1012.50   0.99943876
 1014.00   0.99973595
 1015.50   1.00002921
 1017.00   1.00031745
 1018.50   1.00059927
 1020.00   1.00087357
 1021.50   1.00113904
 1023.00   1.00139463
 1024.50   1.00163901
 1026.00   1.00187075
 1027.50   1.00208879
 1029.00   1.00229204
 1030.50   1.00247896
 1032.00   1.00264871
 1033.50   1.00279963
 1035.00   1.00293088
 1036.50   1.00297272
 1038.00   1.00299549
 1039.50   1.00300026
 1041.00   1.00298822
 1042.50   1.00296021
 1044.00   1.00291777
 1045.50   1.00286126
 1047.00   1.00279224
 1048.50   1.00271165
 1050.00   1.00262070
 1051.50   1.00252020
 1053.00   1.00241125
 1054.50   1.00229502
 1056.00   1.00217271
 1057.50   1.00204515
 1059.00   1.00191355
 1060.50   1.00177884
 1062.00   1.00164223
 1063.50   1.00150454
 1065.00   1.00136733
 1066.50   1.00123107
 1068.00   1.00109732
 1069.50   1.00096679
 1071.00   1.00084078
 1072.50   1.00072026
 1074.00   1.00060630
 1075.50   1.00049996
 1077.00   1.00040233
 1078.50   1.00031447
 1080.00   1.00023746
 1081.50   1.00023913
 1083.00   1.00024903
 1084.50   1.00026643
 1086.00   1.00029111
 1087.50   1.00032210
 1089.00   1.00035942
 1090.50   1.00040209
 1092.00   1.00044990
 1093.50   1.00050187
 1095.00   1.00055790
 1096.50   1.00061727
 1098.00   1.00067937
 1099.50   1.00074399
 1101.00   1.00081015
 1102.50   1.00087762
 1104.00   1.00094569
 1105.50   1.00101399
 1107.00   1.00108194
 1108.50   1.00114882
 1110.00   1.00121439
 1111.50   1.00127780
 1113.00   1.00133896
 1114.50   1.00139666
 1116.00   1.00145102
 1117.50   1.00150108
 1119.00   1.00154662
 1120.50   1.00158679
 1122.00   1.00162137
 1123.50   1.00164962
 1125.00   1.00167108
 1126.50   1.00165308
 1128.00   1.00162947
 1129.50   1.00159991
 1131.00   1.00156546
 1132.50   1.00152588
 1134.00   1.00148213
 1135.50   1.00143397
 1137.00   1.00138223
 1138.50   1.00132692
 1140.00   1.00126863
 1141.50   1.00120747
 1143.00   1.00114405
 1144.50   1.00107872
 1146.00   1.00101161
 1147.50   1.00094306
 1149.00   1.00087368
 1150.50   1.00080359
 1152.00   1.00073349
 1153.50   1.00066328
 1155.00   1.00059366
 1156.50   1.00052488
 1158.00   1.00045705
 1159.50   1.00039089
 1161.00   1.00032663
 1162.50   1.00026453
 1164.00   1.00020504
 1165.50   1.00014853
 1167.00   1.00009525
 1168.50   1.00004554
 1170.00   1.00000000
